[gd_scene load_steps=6 format=3 uid="uid://d0aavw7rh4xqo"]

[ext_resource type="PackedScene" uid="uid://cecqwqhouvuqj" path="res://assets/character/Knight.glb" id="1_84rb1"]
[ext_resource type="Script" path="res://scenes/player/player.gd" id="2_a3ejw"]
[ext_resource type="Script" path="res://scenes/player/camera.gd" id="3_7dtwy"]

[sub_resource type="CapsuleShape3D" id="CapsuleShape3D_jdwms"]
radius = 0.2
height = 1.67201

[sub_resource type="CapsuleShape3D" id="CapsuleShape3D_wr55f"]
radius = 0.8
height = 2.5

[node name="Player" instance=ExtResource("1_84rb1")]
script = ExtResource("2_a3ejw")

[node name="Skeleton3D" parent="Rig" index="0"]
bones/1/position = Vector3(0, 0.392064, 0)
bones/4/rotation = Quaternion(-0.587952, -0.108446, -0.645398, 0.475408)
bones/4/scale = Vector3(0.999999, 0.999999, 1)
bones/5/rotation = Quaternion(1.17522e-08, -4.73552e-08, -0.497385, 0.86753)
bones/6/rotation = Quaternion(-9.73784e-11, -2.98437e-10, 0.0266581, 0.999645)
bones/6/scale = Vector3(1, 1, 1)
bones/7/rotation = Quaternion(-0.316677, -0.347579, 0.228998, 0.852329)
bones/8/position = Vector3(8.34801e-10, 0.096125, -0.0575)
bones/8/rotation = Quaternion(-3.6586e-09, 6.87811e-09, -0.707107, 0.707107)
bones/8/scale = Vector3(1, 1, 1)
bones/14/rotation = Quaternion(-0.580281, 0.158285, 0.666053, 0.441127)
bones/14/scale = Vector3(0.999999, 0.999999, 1)
bones/15/rotation = Quaternion(8.19857e-09, 4.56512e-08, 0.424971, 0.905207)
bones/16/rotation = Quaternion(-9.73784e-11, 2.98437e-10, -0.0266581, 0.999645)
bones/16/scale = Vector3(1, 1, 1)
bones/17/rotation = Quaternion(-0.350236, 0.291473, -0.196762, 0.868138)
bones/18/position = Vector3(-8.34843e-10, 0.0961252, -0.0575)
bones/18/rotation = Quaternion(-1.02444e-09, -4.24391e-09, 0.707107, 0.707107)
bones/18/scale = Vector3(1, 1, 1)
bones/24/position = Vector3(0.170945, 0.113587, 1.39233e-08)
bones/24/rotation = Quaternion(0.995891, -1.28407e-07, -1.6118e-08, 0.0905607)
bones/24/scale = Vector3(1, 1, 1)
bones/25/rotation = Quaternion(0.29132, 6.60488e-08, -2.02312e-07, 0.956626)
bones/26/rotation = Quaternion(-0.554911, -3.32515e-08, 7.40745e-09, 0.83191)
bones/27/rotation = Quaternion(-3.04791e-08, 0.920355, -0.391084, 6.94848e-08)
bones/27/scale = Vector3(1, 1, 1)
bones/28/position = Vector3(-0.170945, 0.113587, 1.39233e-08)
bones/28/rotation = Quaternion(0.995891, 1.34625e-07, -2.73067e-08, 0.0905607)
bones/28/scale = Vector3(1, 1, 1)
bones/29/rotation = Quaternion(0.29132, -6.60488e-08, 2.02312e-07, 0.956626)
bones/30/rotation = Quaternion(-0.554911, 1.98049e-07, -7.89184e-08, 0.83191)
bones/31/rotation = Quaternion(3.04791e-08, 0.920355, -0.391084, -6.94848e-08)
bones/31/scale = Vector3(1, 1, 1)
bones/32/rotation = Quaternion(0.707107, -2.29302e-07, -4.60552e-08, 0.707107)
bones/33/rotation = Quaternion(-0.707107, -7.05285e-08, -7.05285e-08, 0.707107)
bones/35/rotation = Quaternion(-1.04035e-07, 0.391084, 0.920355, -2.9526e-08)
bones/37/rotation = Quaternion(1, -3.10863e-15, 1.94707e-07, -3.45869e-22)
bones/39/rotation = Quaternion(0.707107, -3.82385e-08, 1.45009e-07, 0.707107)
bones/40/rotation = Quaternion(-0.707107, -7.05285e-08, -7.05285e-08, 0.707107)
bones/42/rotation = Quaternion(-1.04035e-07, 0.391084, 0.920355, -2.95261e-08)
bones/43/rotation = Quaternion(-0.391084, -6.885e-08, -6.56287e-08, 0.920355)
bones/44/rotation = Quaternion(1, 4.44087e-16, 1.94707e-07, 1.54616e-29)
bones/46/rotation = Quaternion(-0.707107, -7.27951e-08, -7.27951e-08, 0.707107)
bones/47/position = Vector3(0.520841, 0.788312, 0.0370294)
bones/47/rotation = Quaternion(0.794627, -1.11759e-07, 0.607098, -5.96046e-08)
bones/48/rotation = Quaternion(-0.707107, -7.27951e-08, -7.27951e-08, 0.707107)
bones/49/position = Vector3(-0.539244, 0.783579, 0.0597369)
bones/49/rotation = Quaternion(0.758253, 1.52737e-07, -0.651961, 1.11759e-08)

[node name="1H_Sword_Offhand" parent="Rig/Skeleton3D" index="0"]
transform = Transform3D(6.80639e-07, 0.262863, 0.964832, 0.999999, 2.8077e-09, 3.2981e-07, 7.85568e-07, 0.964832, -0.262863, 0.508806, 0.6409, 0.10466)
visible = false

[node name="1H_Sword_Offhand" parent="Rig/Skeleton3D/1H_Sword_Offhand" index="0"]
visible = false

[node name="Badge_Shield" parent="Rig/Skeleton3D" index="1"]
transform = Transform3D(7.03056e-07, 0.262863, 0.964832, 0.999999, -2.53237e-06, 9.97272e-07, 3.40704e-06, 0.964832, -0.262863, 0.659209, 0.6409, 0.0636838)
visible = false

[node name="Badge_Shield" parent="Rig/Skeleton3D/Badge_Shield" index="0"]
visible = false

[node name="Rectangle_Shield" parent="Rig/Skeleton3D" index="2"]
transform = Transform3D(7.03056e-07, 0.262863, 0.964832, 0.999999, -2.53237e-06, 9.97272e-07, 3.40704e-06, 0.964832, -0.262863, 0.659209, 0.6409, 0.0636838)
visible = false

[node name="Rectangle_Shield" parent="Rig/Skeleton3D/Rectangle_Shield" index="0"]
visible = false

[node name="Round_Shield" parent="Rig/Skeleton3D" index="3"]
transform = Transform3D(7.03056e-07, 0.262863, 0.964832, 0.999999, -2.53237e-06, 9.97272e-07, 3.40704e-06, 0.964832, -0.262863, 0.659209, 0.6409, 0.0636838)
visible = false

[node name="Round_Shield" parent="Rig/Skeleton3D/Round_Shield" index="0"]
visible = false

[node name="Spike_Shield" parent="Rig/Skeleton3D" index="4"]
transform = Transform3D(7.03056e-07, 0.262863, 0.964832, 0.999999, -2.53237e-06, 9.97272e-07, 3.40704e-06, 0.964832, -0.262863, 0.659209, 0.6409, 0.0636838)
visible = false

[node name="Spike_Shield" parent="Rig/Skeleton3D/Spike_Shield" index="0"]
visible = false

[node name="1H_Sword" parent="Rig/Skeleton3D" index="5"]
transform = Transform3D(-6.47764e-07, -0.149894, 0.988702, 0.999999, -3.25018e-07, -2.98023e-07, 9.64116e-07, 0.988701, 0.149894, -0.529447, 0.637449, 0.13567)
visible = false

[node name="1H_Sword" parent="Rig/Skeleton3D/1H_Sword" index="0"]
visible = false

[node name="2H_Sword" parent="Rig/Skeleton3D" index="6"]
transform = Transform3D(-6.63504e-07, -0.149894, 0.988702, 0.999999, -3.39751e-07, -2.84337e-07, 9.76631e-07, 0.988701, 0.149894, -0.529447, 0.637449, 0.13567)

[node name="Area3D" type="Area3D" parent="Rig/Skeleton3D/2H_Sword/2H_Sword" index="0"]

[node name="CollisionShape3D" type="CollisionShape3D" parent="Rig/Skeleton3D/2H_Sword/2H_Sword/Area3D" index="0"]
transform = Transform3D(0.999924, -0.00475225, -0.011374, 0.00439343, 0.9995, -0.0313308, 0.011517, 0.0312785, 0.999445, 0.00487673, 1.17777, -0.0371828)
shape = SubResource("CapsuleShape3D_jdwms")

[node name="Knight_Helmet" parent="Rig/Skeleton3D" index="7"]
transform = Transform3D(1, -2.20965e-22, 1.69407e-21, 2.20965e-22, 1, 0, -1.69407e-21, 0, 1, 4.76837e-07, 1.20229, -1.08542e-07)

[node name="Knight_Cape" parent="Rig/Skeleton3D" index="8"]
transform = Transform3D(1, 1.25214e-21, 0, -1.25214e-21, 1, 0, 0, 0, 1, 0, 1.20229, -1.4066e-07)

[node name="CollisionShape3D" type="CollisionShape3D" parent="." index="2"]
transform = Transform3D(1, 0, 0, 0, 1, 0, 0, 0, 1, 0, 1.24335, 0)
shape = SubResource("CapsuleShape3D_wr55f")

[node name="CamGimbalY" type="Node3D" parent="." index="3"]
transform = Transform3D(-1, 0, -8.74228e-08, 0, 1, 0, 8.74228e-08, 0, -1, -0.0134718, 2.26565, 0)
script = ExtResource("3_7dtwy")

[node name="CamGimbalX" type="Node3D" parent="CamGimbalY" index="0"]
transform = Transform3D(1, 0, 0, 0, 1, 0, 0, 0, 1, -1.76951e-08, 2.38419e-07, -4.76837e-07)

[node name="Camera3D" type="Camera3D" parent="CamGimbalY/CamGimbalX" index="0"]
transform = Transform3D(1, 0, 7.10543e-15, 0, 0.965926, 0.258819, 0, -0.258819, 0.965926, 0.62057, 0.53196, 3.52721)

[node name="Pivot" type="Node3D" parent="." index="4"]
