[gd_scene load_steps=6 format=3 uid="uid://d0aavw7rh4xqo"]

[ext_resource type="PackedScene" uid="uid://cecqwqhouvuqj" path="res://assets/character/Knight.glb" id="1_84rb1"]
[ext_resource type="Script" path="res://scenes/player/player.gd" id="2_a3ejw"]
[ext_resource type="Script" path="res://scenes/player/camera.gd" id="3_7dtwy"]

[sub_resource type="CapsuleShape3D" id="CapsuleShape3D_jdwms"]
radius = 0.2
height = 1.67201

[sub_resource type="CapsuleShape3D" id="CapsuleShape3D_wr55f"]
radius = 0.8
height = 2.5

[node name="Player" instance=ExtResource("1_84rb1")]
collision_layer = 2
script = ExtResource("2_a3ejw")

[node name="Skeleton3D" parent="Rig" index="0"]
bones/1/position = Vector3(0, 0.392064, 0)
bones/1/rotation = Quaternion(-1.11123e-10, 0.0431577, 2.57241e-09, 0.999068)
bones/2/rotation = Quaternion(-6.93889e-18, 7.10543e-15, 4.93038e-32, 1)
bones/3/rotation = Quaternion(8.27181e-25, 3.72529e-09, 0, 1)
bones/4/position = Vector3(0.212007, 0.134132, 7.92996e-08)
bones/4/rotation = Quaternion(-0.559906, -0.0608803, -0.643974, 0.517779)
bones/4/scale = Vector3(0.999999, 0.999999, 1)
bones/5/rotation = Quaternion(3.65498e-08, -4.88301e-08, -0.494719, 0.869053)
bones/6/rotation = Quaternion(-9.73784e-11, -2.98437e-10, 0.0266581, 0.999645)
bones/6/scale = Vector3(1, 1, 1)
bones/7/rotation = Quaternion(-0.321065, -0.325319, 0.145726, 0.87741)
bones/8/position = Vector3(8.34843e-10, 0.0961252, -0.0575)
bones/8/rotation = Quaternion(-3.6586e-09, 6.87811e-09, -0.707107, 0.707107)
bones/8/scale = Vector3(1, 1, 1)
bones/14/position = Vector3(-0.212007, 0.134132, 8.6814e-08)
bones/14/rotation = Quaternion(-0.618244, 0.0807286, 0.618012, 0.478873)
bones/14/scale = Vector3(0.999999, 0.999999, 1)
bones/15/rotation = Quaternion(2.09853e-08, 5.12855e-08, 0.517939, 0.855417)
bones/16/rotation = Quaternion(-9.73784e-11, 2.98437e-10, -0.0266581, 0.999645)
bones/16/scale = Vector3(1, 1, 1)
bones/17/rotation = Quaternion(-0.319291, 0.300524, -0.22735, 0.869512)
bones/18/position = Vector3(-1.5736e-08, 0.0961251, -0.0575)
bones/18/rotation = Quaternion(-1.02444e-09, -4.24391e-09, 0.707107, 0.707107)
bones/18/scale = Vector3(1, 1, 1)
bones/21/rotation = Quaternion(-5.80608e-11, -0.0313417, -1.88012e-09, 0.999509)
bones/24/position = Vector3(0.170945, 0.113587, 1.59941e-08)
bones/24/rotation = Quaternion(0.996185, 0.0479136, 0.0566427, -0.045939)
bones/24/scale = Vector3(1, 1, 1)
bones/25/rotation = Quaternion(0.165014, 6.49414e-08, -1.11407e-07, 0.986291)
bones/26/rotation = Quaternion(-0.533729, -0.260895, -1.72985e-05, 0.804405)
bones/27/rotation = Quaternion(-2.32086e-08, 0.920355, -0.391084, 7.25743e-08)
bones/27/scale = Vector3(1, 1, 1)
bones/28/position = Vector3(-0.170945, 0.113587, 1.55755e-08)
bones/28/rotation = Quaternion(0.997322, -0.0294574, 0.0315293, 0.0590483)
bones/28/scale = Vector3(1, 1, 1)
bones/29/rotation = Quaternion(0.274008, -6.38135e-08, 1.92761e-07, 0.961727)
bones/30/rotation = Quaternion(-0.559039, 0.114513, -0.00862763, 0.82115)
bones/31/rotation = Quaternion(3.03591e-08, 0.920355, -0.391084, -6.95338e-08)
bones/31/scale = Vector3(1, 1, 1)
bones/32/rotation = Quaternion(0.707107, -2.29302e-07, -4.60552e-08, 0.707107)
bones/33/position = Vector3(0.213918, 0.0259903, 0.173866)
bones/33/rotation = Quaternion(-0.705092, 0.0533355, 0.0533355, 0.705092)
bones/34/rotation = Quaternion(9.65792e-09, 1.77955e-09, 0.985719, -0.168398)
bones/35/position = Vector3(-1.11482e-08, 0.213436, -5.36347e-09)
bones/35/rotation = Quaternion(-1.10961e-07, 0.391084, 0.920355, -2.67919e-08)
bones/36/position = Vector3(-6.31128e-09, 0.16565, -7.10267e-09)
bones/37/rotation = Quaternion(1, -8.27364e-11, 1.94627e-07, -7.45058e-09)
bones/39/rotation = Quaternion(0.707107, -3.82385e-08, 1.45009e-07, 0.707107)
bones/40/rotation = Quaternion(-0.707107, -7.05285e-08, -7.05285e-08, 0.707107)
bones/41/rotation = Quaternion(-5.83589e-09, 6.43837e-10, 0.994809, 0.101756)
bones/42/position = Vector3(-1.11482e-08, 0.213436, -2.50942e-15)
bones/42/rotation = Quaternion(-1.05796e-07, 0.391084, 0.920355, -2.58643e-08)
bones/43/position = Vector3(-6.31128e-09, 0.16565, 2.70695e-09)
bones/43/rotation = Quaternion(-0.391084, -6.885e-08, -6.56287e-08, 0.920355)
bones/44/rotation = Quaternion(1, 3.76526e-09, 1.94879e-07, 7.45058e-09)
bones/46/rotation = Quaternion(-0.707107, -7.27951e-08, -7.27951e-08, 0.707107)
bones/47/position = Vector3(0.520841, 0.788312, -0.0576373)
bones/47/rotation = Quaternion(0.794627, -1.11759e-07, 0.607098, -5.96046e-08)
bones/48/rotation = Quaternion(-0.707107, -7.27951e-08, -7.27951e-08, 0.707107)
bones/49/position = Vector3(-0.510844, 0.788312, 0.0597369)
bones/49/rotation = Quaternion(0.758253, 1.52737e-07, -0.651961, 1.11759e-08)

[node name="1H_Sword_Offhand" parent="Rig/Skeleton3D" index="0"]
transform = Transform3D(4.42221e-07, 0.262863, 0.964832, 0.999999, -3.84622e-07, -5.76202e-08, 5.6205e-07, 0.964832, -0.262863, 0.51224, 0.636705, -0.00210766)
visible = false

[node name="1H_Sword_Offhand" parent="Rig/Skeleton3D/1H_Sword_Offhand" index="0"]
visible = false

[node name="Badge_Shield" parent="Rig/Skeleton3D" index="1"]
transform = Transform3D(4.64636e-07, 0.262863, 0.964832, 0.999999, -2.9198e-06, 6.09842e-07, 3.18353e-06, 0.964832, -0.262863, 0.662643, 0.636705, -0.0430842)
visible = false

[node name="Badge_Shield" parent="Rig/Skeleton3D/Badge_Shield" index="0"]
visible = false

[node name="Rectangle_Shield" parent="Rig/Skeleton3D" index="2"]
transform = Transform3D(4.64636e-07, 0.262863, 0.964832, 0.999999, -2.9198e-06, 6.09842e-07, 3.18353e-06, 0.964832, -0.262863, 0.662643, 0.636705, -0.0430842)
visible = false

[node name="Rectangle_Shield" parent="Rig/Skeleton3D/Rectangle_Shield" index="0"]
visible = false

[node name="Round_Shield" parent="Rig/Skeleton3D" index="3"]
transform = Transform3D(4.64636e-07, 0.262863, 0.964832, 0.999999, -2.9198e-06, 6.09842e-07, 3.18353e-06, 0.964832, -0.262863, 0.662643, 0.636705, -0.0430842)
visible = false

[node name="Round_Shield" parent="Rig/Skeleton3D/Round_Shield" index="0"]
visible = false

[node name="Spike_Shield" parent="Rig/Skeleton3D" index="4"]
transform = Transform3D(4.64636e-07, 0.262863, 0.964832, 0.999999, -2.9198e-06, 6.09842e-07, 3.18353e-06, 0.964832, -0.262863, 0.662643, 0.636705, -0.0430842)
visible = false

[node name="Spike_Shield" parent="Rig/Skeleton3D/Spike_Shield" index="0"]
visible = false

[node name="1H_Sword" parent="Rig/Skeleton3D" index="5"]
transform = Transform3D(-5.58357e-07, -0.149894, 0.988701, 0.999999, -2.05808e-07, 2.98023e-07, 4.87279e-07, 0.988701, 0.149894, -0.496054, 0.641029, 0.139528)
visible = false

[node name="1H_Sword" parent="Rig/Skeleton3D/1H_Sword" index="0"]
visible = false

[node name="2H_Sword" parent="Rig/Skeleton3D" index="6"]
transform = Transform3D(-5.74097e-07, -0.149894, 0.988701, 0.999999, -2.20542e-07, 3.11709e-07, 4.99794e-07, 0.988701, 0.149894, -0.496054, 0.641029, 0.139528)

[node name="Area3D" type="Area3D" parent="Rig/Skeleton3D/2H_Sword/2H_Sword" index="0" groups=["Weapon"]]
collision_layer = 4
collision_mask = 5

[node name="SwordCollider" type="CollisionShape3D" parent="Rig/Skeleton3D/2H_Sword/2H_Sword/Area3D" index="0"]
transform = Transform3D(0.999924, -0.00475229, -0.011374, 0.0047342, 0.999989, -0.00158001, 0.0113812, 0.00152606, 0.999935, 0.00487632, 1.17265, -0.00337785)
shape = SubResource("CapsuleShape3D_jdwms")
disabled = true

[node name="Knight_Helmet" parent="Rig/Skeleton3D" index="7"]
transform = Transform3D(0.99972, -1.40143e-09, 0.0236466, 1.39341e-09, 1, 3.55686e-10, -0.0236466, -3.22637e-10, 0.99972, 4.69869e-07, 1.20229, -1.19779e-07)

[node name="Knight_Cape" parent="Rig/Skeleton3D" index="8"]
transform = Transform3D(0.996275, -5.14962e-09, 0.0862353, 5.13043e-09, 1, 4.44077e-10, -0.0862353, 1.86619e-15, 0.996275, -1.63023e-08, 1.20229, -1.40136e-07)

[node name="CollisionShape3D" type="CollisionShape3D" parent="." index="2"]
transform = Transform3D(1, 0, 0, 0, 1, 0, 0, 0, 1, 0, 1.24335, 0)
shape = SubResource("CapsuleShape3D_wr55f")

[node name="CamGimbalY" type="Node3D" parent="." index="3"]
transform = Transform3D(-1, 0, -8.74228e-08, 0, 1, 0, 8.74228e-08, 0, -1, -0.0134718, 2.26565, 0)
script = ExtResource("3_7dtwy")

[node name="CamGimbalX" type="Node3D" parent="CamGimbalY" index="0"]
transform = Transform3D(1, 0, 0, 0, 1, 0, 0, 0, 1, -1.76951e-08, 2.38419e-07, -4.76837e-07)

[node name="Camera3D" type="Camera3D" parent="CamGimbalY/CamGimbalX" index="0"]
transform = Transform3D(1, 0, 7.10543e-15, 0, 0.965926, 0.258819, 0, -0.258819, 0.965926, 0.62057, 0.53196, 3.52721)

[node name="Pivot" type="Node3D" parent="." index="4"]
